1000
72445
-251745
879740
-226343
242307
-892961
-239733
673886
851321
538815
-15215
286756
787659
-23337
518302
-665346
280975
426882
64514
895097
-39793
-304772
-742558
993421
317817
656665
-852480
-75456
-445861
768362
-831630
15588
811168
-159384
546345
773292
338180
-239294
-752188
-215645
-447912
-420465
-694771
479722
-180664
-189322
-668608
-206438
-979220
-732206
-762612
-558266
-131903
-128623
-205455
947722
-75207
136710
-220894
-986461
-614393
-139217
935951
569235
-171196
-26625
425490
793481
39450
486367
-830454
-76639
519803
-912842
-169594
166163
83654
631121
-157288
-642974
624935
792953
828713
414231
-634867
583838
-654094
-706370
-329192
72284
741164
-955104
-815427
182776
109126
735477
415544
-803082
860648
231998
-829900
-125055
-853276
-845329
-481035
433095
634038
-873668
451650
757604
218941
-98144
-985243
-905766
110861
865531
-292188
885596
901226
-837819
640773
-806273
242687
-408989
967745
536726
-759287
-960126
-933303
-935055
-943873
-573374
996889
689472
-142201
357372
145425
636688
-593890
-672670
504008
-848386
-599607
-287755
-575192
-320368
735244
688357
-166548
-449165
291006
926467
-208170
468827
388491
-173999
-6608
-955577
-971320
-550436
131788
-750534
-417365
912216
-299640
-605623
295566
835642
-187856
572369
-41707
-313982
616309
700524
53404
820708
804195
143612
-530908
913352
288512
980338
-918935
821136
482549
-930291
-264854
756127
-85027
808472
322229
861998
-759497
61806
-125665
949908
55980
-357274
-188678
-822647
-428201
494220
390662
19378
666642
-990097
275118
939112
-91569
230829
862042
482094
-391961
124612
171729
-513118
-723493
-6660
-575916
-799806
-178014
-250647
383062
-611006
370995
670647
-178660
464581
-405793
-572216
-672061
-475672
145364
806956
118124
55134
652810
-195749
305886
-249852
-235597
-489285
-29234
-787921
209040
668813
679173
2577
217904
-768498
-372812
315797
479290
-715863
79576
-907071
-39845
581692
821100
122100
-627076
290581
75663
-366872
336605
-268061
460549
-420098
-456358
778587
-858291
-129346
-668338
-409903
-180799
-291986
986791
731694
744354
323920
-915170
98266
838596
-864531
264827
-695186
366220
-292985
72064
-200963
807788
-517491
-436392
995326
-964358
-59202
762961
-677712
418914
-357945
85772
598561
547465
130855
383802
522586
-4766
510290
-558482
-300652
158794
802304
540651
-467769
958935
701991
347737
-203271
-775910
393266
790536
897779
-682636
-704167
-962475
-548479
-591608
717509
-620747
-102126
-624354
-525910
-439939
-867620
-385888
-84916
-456241
215014
573800
-802902
517397
888277
-894016
848066
-517329
-308842
977335
-953046
155836
-605472
-841493
-758710
386236
521216
62259
-2176
-147941
303735
769705
582717
-914469
-216354
-122000
-586783
779779
-629513
-356667
-741984
-801537
-438756
-602017
-361282
923112
479384
853299
398775
637830
-198091
815738
-718828
-375237
-709434
-594915
220693
141774
917829
251271
390263
179101
866445
-341612
-718880
-986258
296974
-152865
-499964
-787558
-954701
-534278
-390055
-939879
-180363
-604417
642507
581961
-202355
-433879
141636
-41983
-111144
98136
-488709
571676
-830347
-703119
502295
145228
996006
-144844
580887
519198
456147
620351
-280268
206012
-419840
-849291
485931
49793
941531
-452846
-446240
-953736
-671264
107882
-904050
757068
603535
-319611
759775
640457
-892376
-117171
299953
44307
-804275
805770
-60559
-174539
825272
-606524
-342728
921781
-275862
-812390
-2353
263869
898262
926933
987464
572633
829915
-996257
685345
414369
-190419
-947773
-852426
-499266
-615121
-359339
995466
348812
-925668
-505926
501094
-762533
-740848
896438
-786934
-903172
724125
46869
124821
-144209
-34930
170277
935045
155169
902127
-275164
364924
-337685
331851
-895482
205416
-572722
879408
-316793
127145
-211429
-645491
954627
-7589
761920
922837
-419366
499109
155336
764715
594581
-566156
-707630
777729
746905
814074
718862
-976674
289942
325514
736458
552689
867640
343300
460462
-382341
980463
980739
728106
-138500
541245
-409382
-646709
878165
920561
550055
-909896
-403174
836385
-990753
314290
879460
348921
-879092
416374
979441
244815
994818
511176
532141
774195
67316
164586
-15356
-469899
-751020
220599
-892141
662535
274651
699186
288817
574119
962730
481988
404031
-348274
-673439
770083
-283231
-373238
827664
-84464
267775
-914653
-986085
171601
706162
-653877
115275
612859
220998
-480243
517652
-614549
974222
-114639
768481
-190874
463131
858265
-516559
-488417
280824
486685
403549
-512428
286539
-807041
-632563
-995469
-969024
296178
711655
-829977
-715101
592993
531555
14213
863652
-201157
42416
414533
-514042
-65903
946052
-445800
-93919
337760
864660
285318
-841480
957421
898528
-241315
-168709
-98491
-159398
-812184
-265489
-600030
213026
-576637
-774445
-850806
-41761
-478526
813971
-171886
-212816
-961255
690071
857846
457666
614821
-917518
820824
819427
314045
901974
-934882
561504
-289373
-481977
501959
-637077
-821458
-742331
-79329
257642
-709020
109137
-836086
-799661
-246180
-198597
614340
-584612
173076
71841
517395
-657132
335855
294329
281290
-379647
-385244
-498830
66822
-580954
-31302
734395
728316
377041
-833259
-47625
-32079
721222
967056
909634
-940881
-838846
282871
818433
902925
566695
-643443
-415430
316307
837971
190069
-757190
532169
-745955
98182
430295
773874
-848786
-834393
450416
398495
-974884
924736
-310061
-791818
-765114
-536739
-988214
-15523
-799954
920897
123603
-127256
-140790
818696
-271947
992815
-852372
503964
857248
-141576
180291
560271
-343721
-689593
394181
134727
-350702
663556
951106
-586300
-986723
-200226
57546
896576
-655620
-697382
-223452
-408688
21969
960151
926984
943781
-766369
218792
275827
-442007
-547863
-197831
542433
690565
921233
-335350
-946421
536894
-428156
709862
-211773
-31347
-515515
80835
-450071
-700711
670858
-855102
-525445
318703
-462131
706223
-989822
987632
267890
-423314
-104882
-900572
37436
335140
-584098
-509488
-225775
26688
-242991
585206
-1360
-355722
-904198
772752
207436
-950324
-283977
-57146
96466
-7007
-682257
370277
-585876
79380
947787
269820
367952
-459618
415654
737480
-170534
-15836
-276576
-623906
-394994
974088
894119
-682215
-449626
-748728
-294109
-814095
-757554
-629777
-453084
-597978
421426
-891435
851326
-104874
-522148
-811675
659159
-264005
362319
-772782
567853
572517
-689886
249237
-927934
335098
-950141
-74612
774889
665346
-644870
-255662
637632
-631327
-206263
-457060
-545485
721729
-311383
-112388
-847072
-84203
28546
304627
-64225
742914
379119
612175
381899
801898
-451272
909907
-423810
-384202
-6164
-888531
-155141
-881079
-972343
982832
-360955
-625521
205443
463308
901656
892962
-702190
-500820
496409
414999
-722277
-412630
223465
-893940
-860376
-816558
693462
2709
348807
334235
935883
89828
275654
430947
512805
642456
256385
-191093
-699293
697393
-867956
-802229
-66308
-208635
-192615
430796
96784
-950266
172134
-866137
831720
366370
589239
464069
-263794
-994837
-603320
58635
620511
935373
-534856
-587868
105161
-541944
-51431
-241387
47970
40578
830355
-509596
835486
358799
-691997
48755
301946
924830
-967244
375518
729812
117603
-537884
123492
923899
-603132
904801
-888025
276983
502266
-11803
-931986
912561
-983558
252466
79293
-427548
22561
-958271
613278
628525
-731
-910960
505840
-977112
-321469
879531
-670783
650707
291174
-387407
-326015
-166294
54702
-173394
528419
3847
-522569
734396
-988612
-791706
-378453
-29744
314313
-682038
-292823
388153
939914
853836
-386807
499823
-266518
-498306