2000
411306
821317
-665149
-235000
-529109
121625
162565
66672
-587461
-765337
-73534
-117461
-523930
444735
986467
887815
-110047
524541
786869
907009
-296517
-827790
-47123
-14249
848404
-266008
544722
312261
-116604
-848435
-822151
936366
-108924
-169518
-996703
481981
332360
129960
-668167
-271114
-495593
-769119
335718
796934
-18284
480034
-510753
332310
127548
-716436
-432924
944726
254763
289417
368116
-130387
872232
114551
569202
807697
-542287
419857
824822
-278321
84662
-516228
-517565
785125
653682
850531
58683
-75804
169254
738066
-537125
-684583
829274
-83559
483734
925728
224712
341039
824633
-842479
-935446
-997273
136692
-460084
239302
-178883
-194780
-548206
-868450
528602
-191005
-524128
302493
87167
26824
251393
-946560
-511337
512068
435339
681335
-759838
-495568
906372
551810
-942061
803983
-513864
-120094
182860
625081
874818
-845507
-553657
-760051
725698
-181192
-956752
-910050
-352569
-58551
-492415
-425735
-856617
-21107
735700
23661
904175
325183
82933
-509971
-392686
-137725
-724591
-133173
595882
-943324
947931
-275947
-228757
20174
285946
807483
-697166
-235306
-810111
-636426
-40032
211424
-576898
980781
411355
-501085
398203
439032
333745
-383331
-449887
85983
-633850
-282993
646892
507282
519292
-536309
394516
478509
-265831
-958058
-75806
150779
371060
512148
-48537
290670
-879784
-211100
-280658
926288
510389
717306
716930
400666
415207
6368
-122161
75630
-677225
-707652
-405910
-751924
4590
-408116
246630
874425
-121592
720708
307283
590665
-419944
442504
-802796
-260983
-52534
-742945
-562645
-717547
-364029
-340250
626567
-704808
21467
-650182
189884
-90295
231104
-441850
-174291
-608914
-464593
445969
-329627
-788277
696758
304485
685623
798715
402081
428732
630344
-477297
-598690
-478844
588442
-337564
880593
-343235
30199
-775242
-350096
292040
-911983
331609
508969
742562
106699
-115006
373131
-150468
-567466
-559287
549755
27447
797479
-250899
679951
217743
-925894
-307981
-811450
582360
737204
395061
-67663
178669
-461839
-383545
480481
-887347
-342798
-282806
-658833
-46591
-320658
-727936
-286579
538702
-565804
-606573
655821
-455672
-750287
-621597
953670
-892060
68143
976717
129337
384308
-251144
-50434
-248610
-644421
-604812
819244
978995
-716217
817322
677723
276669
708166
413030
521979
831277
-909644
838989
917658
745409
634628
-974232
-418953
-669840
561117
-136932
688028
-177669
335947
227405
906865
-232077
828400
333007
775307
-683964
479291
698179
124106
-743459
-82382
180620
-733292
878180
181294
-593339
-649036
68947
555163
522664
-494567
-238042
-851965
-870760
587678
896716
39546
419200
424439
357728
374381
453357
419962
703748
632942
772322
866097
-253199
493069
-981320
-316675
-960612
998302
574582
362986
379106
-910144
442246
889039
-166918
-576430
-841667
-145406
1447
468254
-797309
-901856
-784319
-654254
555740
229413
-905837
395137
916141
508740
652971
-704755
-759120
-721714
665820
-396801
-218484
620898
688504
401796
-113374
625986
947501
367865
718837
85038
-700299
-545557
-811315
-426077
-763104
-41840
-265889
-803111
-734233
-610064
350012
-646765
350893
702393
-467461
43888
-184768
999894
512050
-485546
316791
-763458
-531632
176678
-35637
-836607
-95415
-841013
521866
-394379
880773
286227
158246
759389
238116
-430760
872202
-724804
-473647
200072
43206
135070
469093
515894
-222049
643849
280171
-762018
-222690
775435
-517211
-772552
29905
-839360
813465
755539
-23211
-572787
562922
67452
706505
594963
-206263
-401054
676399
692856
57264
102026
-907336
-991677
-354660
904962
265735
-659542
53758
999471
-490017
851124
-833671
-169648
-226491
-672666
100038
-791981
232133
-805657
-563181
441790
747114
12656
-948930
634267
450094
422884
-151814
554234
-87870
42570
-196570
-904950
302298
-881399
135786
209135
-800777
-864984
474733
158864
-585854
-75545
210256
384859
-672526
692934
-746374
593834
21445
907337
103818
-87871
894171
154123
665132
715792
-769326
715808
-70534
978283
295234
-136017
-616496
-930565
-367207
727296
208701
735569
517806
-480903
-993999
194900
539824
892527
-795135
-257905
-999024
431751
571094
-431970
781629
-654219
741407
556329
-371176
-890137
-86016
-809510
-209911
407913
-165915
-491453
770258
227060
301835
919563
820279
474795
267072
256679
-664892
55925
544112
698248
515783
-293419
521878
20201
361939
935005
-505387
-338089
-514168
-413607
326933
-77852
375543
-942583
103033
-926139
-803027
84794
877080
550460
387832
495431
32484
-651510
209368
737040
431293
295309
-382713
623405
405796
520610
165573
-534246
330983
-542719
468590
643891
116400
312631
576761
-468875
-97462
-774480
-454174
-344187
980854
552070
-781209
-725230
365791
-400122
715881
751652
-805732
284999
-564561
-698225
398475
-522538
-934865
-678943
777304
-624358
-460162
972456
-299204
-244117
-101614
955038
-341509
-561365
-764487
98281
39841
-465063
-781078
-998028
-197934
456395
-466806
-138353
-65913
965151
-540169
567149
587501
335239
87986
72329
416380
-389791
-703905
131211
932143
-8943
572334
267585
589138
891877
406595
865016
984631
797710
-165429
-718984
-714715
-506551
-515160
796767
66147
21284
282324
723817
458776
-282209
-404483
262749
-937286
-793115
357656
-77248
332945
-409267
-10202
-800689
-960735
-139418
-483952
654718
-748854
91906
-85140
-68356
159551
-643088
-147823
-641161
599220
-463952
471626
-730461
713797
-645731
-612219
-941978
-913573
-687135
-132732
965368
-977163
-196965
18121
-998945
-77647
-202139
-500915
-232648
409673
-365183
222457
-8646
-249938
864512
-502143
632950
-346496
207868
-816058
-355366
734861
168576
-428012
430745
56188
140496
92750
-967006
-147350
-817251
434327
-55961
507448
643155
-16302
-639516
673608
139017
-814756
169860
695304
-671386
-654384
-492748
289100
522154
662826
734784
796794
253270
-914820
-599039
-619089
-163806
-466359
-73933
-671478
-902257
-843984
-836574
881997
-387910
-786980
-802262
-787878
791968
-286897
221103
523470
407355
-644650
-425896
241553
825601
-972757
268957
-75376
-827530
542508
-456839
-647753
-306625
815652
187840
229802
-598320
776326
-652078
-846367
-689839
-165328
937735
-795153
910538
808788
-206036
342396
-933142
349734
968578
336375
-919023
746045
506364
555751
-598014
966519
-665486
-274859
-850125
-286153
207897
20481
162304
-352853
-480772
875251
120825
31019
861656
715032
565941
-137492
-138183
-531843
756786
430411
841219
-993648
-950660
351645
-653126
694766
-43577
-284415
-340752
-316544
149314
687040
-706883
896605
672181
211381
467336
-707547
-645705
818654
-993209
-105917
475129
870307
752348
974357
-397897
782286
-205406
-598539
-768453
353271
-702880
559397
-565099
-228225
216347
-653446
631551
-375172
-648158
-459084
-99076
204016
-352795
308477
301324
-350564
-775532
-522328
671396
-257911
-258019
-843703
114689
891737
133285
-798330
-468567
595594
-350105
-717092
-962182
820496
-966268
233905
955412
-804289
-965420
-763507
289068
-943573
-779448
-636793
843151
-975856
907577
-362274
-938582
489663
205864
380450
-931987
137105
158658
-725219
-222384
563724
-788259
854880
-356725
-776810
355748
472627
489598
-420935
737123
-439458
531196
265093
387467
287318
-860924
-750330
-89638
-348406
124859
367566
-969591
649949
392937
-697553
-142128
14965
-924964
-51041
-171147
-387489
265845
-334147
319998
-490260
758941
-523330
622447
-451814
-477514
903848
459358
-242334
245730
314454
-819614
222207
-796650
-643893
-104223
-84835
-970121
-690360
-307660
95141
-838188
-832147
833123
-508509
133353
-941838
-17690
-712964
-854274
-711561
932995
580641
-114481
583432
753051
-734047
318707
39520
733102
557965
-313251
-270983
-419203
185396
16299
-265166
465247
108791
-738208
-326019
-784723
407882
-119878
-504891
-589684
-121847
374561
-635642
52793
-16825
-357682
376159
15813
-119837
553561
-168270
-518992
620862
138218
-151210
402037
26154
968741
607667
244318
649260
283353
-221498
-522098
-133175
616667
9061
-621579
408807
-829532
987790
-785749
-768342
-463755
668237
254585
586549
-376996
-890562
858159
973386
-1287
554926
-47805
889236
-979208
553531
-75956
-699868
-375974
384740
30058
414196
-941007
412193
568806
491285
-273040
945928
127931
-304392
-783232
972264
-364831
287442
-85717
64809
-152112
-163181
457144
-438654
-205346
994858
987887
263805
-202006
-772051
261967
981408
606795
-234650
485115
522962
-771158
1640
-123906
144381
555221
-582218
78597
967613
-200898
278411
-495851
81942
560723
-947025
-400951
-449572
183171
-421946
172145
151033
-39800
-932298
661331
-777814
-399877
88608
-98516
-495734
-882696
-680245
189775
699724
55105
-430362
-157775
-282820
623265
-28884
783491
-856966
377519
205099
537703
167983
-366965
-736712
897599
517786
101246
-166124
-797606
-744804
-200070
-915509
287792
-383758
356095
-416908
-470889
831726
369672
-240008
413935
-323112
-366076
916352
627552
261238
619209
-326579
892403
-304165
777091
126561
-520794
-491483
-393169
-233256
-889797
-427491
163254
283614
-755268
264738
243463
659664
456654
444740
-188236
81353
-786476
-680738
-335359
-520144
571982
849456
-8948
832557
-739440
-363029
531127
683701
282992
858389
-685586
-289566
-158413
-982004
31747
964252
372703
-238528
132752
-923490
-265147
-179000
-154078
-149299
-282943
-145441
-951016
-297743
-579750
-403223
484430
-460190
12325
132830
243092
-432753
-304083
612493
497624
-285764
306442
-487454
755067
-472871
-31790
553136
-333346
-335759
706078
545641
-277924
-452515
-647714
-57720
-56977
-362327
-792268
115989
432847
676832
-234632
245591
-843389
196736
-349088
-48014
245340
904839
529441
-342774
-378912
-392216
659392
-275058
-57997
165749
121604
-229354
-656235
369410
-811353
113909
-225641
697623
690063
202883
-325139
340311
242432
-198741
523703
-456559
-520008
-91470
-482304
-42139
101433
906033
-301067
-468410
-130770
-302667
-797364
-371407
696964
516783
344181
334765
241413
-950416
603055
-245567
-158878
353110
256575
433765
540268
-221771
272603
-444750
424691
-25653
-677098
861463
-574444
569942
-144139
685856
-183591
575425
-567218
-287749
121872
369082
127349
-61724
-923698
-457787
-476928
41705
198401
-652199
-108721
-728463
-650366
691496
415709
-711689
-865290
469116
-49481
450582
-384723
23207
460601
-11912
-462933
602054
273147
-491461
-902199
464529
844883
-536943
-481248
-946820
739871
-227884
90919
-416036
-891005
-935413
-956943
507956
158624
185205
-747983
621959
-347194
257551
333696
701236
665686
-280978
-594975
-189884
-291129
597154
841560
-100839
-322563
-411570
573020
426747
972050
624067
-983249
19389
-268739
804626
904061
-445617
-956516
-691735
435455
-82800
61034
176272
566897
-977124
142340
-159310
519118
-795599
764323
-909046
-637366
239500
-204340
125429
-645252
119169
-745710
405003
40475
-224492
-709447
278528
338657
-773694
733978
36874
355120
-16171
-357313
383455
977682
603889
-472684
-976505
-447580
494941
-472311
-464951
-857526
864895
635724
575706
982412
-522018
632379
506489
603654
-573883
164038
-640893
285410
841021
-12809
701516
178739
-498066
856714
7008
-101629
205495
-476426
142547
-694572
-756607
63621
223261
909087
-433659
421049
944648
-653181
-174090
334449
-375564
-651987
-667430
409585
-254512
-560984
317137
-160335
-193171
-234793
-385051
-484208
-317029
534645
-571317
591281
-900752
985458
303424
223134
-134731
928646
134739
70919
-396848
625475
-443593
-843035
-526434
-668673
18919
-417174
-930808
886671
-607538
-938958
4888
809735
-879429
624811
205248
-710211
105260
-317302
218281
-336208
-443552
-327576
-743097
-589387
442618
481586
476299
989306
672130
120364
172955
50718
61486
635303
7260
670875
-106317
55598
123343
-591872
400736
-67236
66327
436242
9055
778444
326698
568586
-252189
-333427
927598
813695
-835361
523336
532049
218513
431092
569455
-217178
834996
-665504
588712
-31000
-444450
-45573
426663
42034
-117853
-545504
998055
126052
191601
765169
-421553
229566
-603405
47789
-790084
-697634
531160
-279912
-399376
44913
6989
220579
44779
257849
-947959
-189163
-380887
760007
-672169
642964
-660985
268646
516420
-186412
354083
481670
-852389
686590
-852781
773151
843159
736228
122286
-433439
410071
925461
-384888
736208
759598
693891
-556996
327941
-791304
844042
-333917
-72099
-53441
109099
113976
848262
32600
80486
916049
84959
497974
7744
126682
600394
347204
374681
689676
609693
392930
-723633
-122779
-45368
-924735
826621
912132
-906665
-974878
153032
-652142
257254
644369
-972563
-406333
-668772
659279
-256664
-387247
862082
-481961
460771
-192207
-159170
226444
-842677
725159
55789
579254
520385
164758
405734
-68253
962922
7141
-406568
406958
-831476
-913376
-970825
615653
705738
485400
-512034
557282
200339
705389
152790
-650631
-423458
-49021
824554
-440957
780890
715281
36554
-812614
82186
-832495
-172092
-76968
383181
414900
-683242
-114141
-610059
-770023
-64512
645060
-492190
257288
-432747
342239
-662131
-848455
-837239
-256594
-542429
23039
228638
242040
-101897
-397370
-33473
-511797
-119233
-398869
2107
143618
-788432
-3214
52917
-137326
755306
-189980
-725551
-430004
-180744
-548050
775456
-458265
-964019
-816959
-577940
-990725
244910
834425
-188557
906398
-363036
907178
-250913
-801895
913943
-730097
297480
-453980
-652559
-527418
464515
385375
-563025
-548238
889499
235227
-64091
996357
121334
519910
-896265
-515239
-300613
-651144
-498264
-649410
668696
359279
-954421
-252734
581330
174751
-118806
-357530
364083
150685
-491322
-446084
196813
-758329
291910
490501
-425737
879706
430378
910862
955746
-902246
-833544
-503534
229475
-268165
-714396
640463
470619
205255
340161
-739868
601980
791773
954722
562339
-60190
-179174
391534
-609149
611554
567865
-431244
-446220
-633698
348105
519208
339208
972475
372425
197188
-196263
-253978
753100
663986
-778031
-417149
312484
-869294
-355383
292145
131980
-295122
227175
-397040
810516
-490379
-755666
-192295
543657
773808
894689
26199
-78887
716883
-87829
456813
-122277
673109
438458
-259023
751182
559469
-220523
602409
-95305
-73729
-576865
6760
-6118
-315313
-80520
732547
-793525
130808
139325
343171
748224
-57501
-998287
-885962
-191548
580099
31062
638027
433137
-685027
407603
-933572
-662986
-168681
701886
-244258
-217332
417184
-153241
852254
894899
-682962
-426941
-252805
759974
428170
617712
748291
-618467
-43002
88632
878762
-731375
728110
-38476
482251
-39490
-234173
-889507
-432551
122402
-663173
-214368
187563
86198
399969
43534
-754351
862962
-808684
-864597
6637
-381298
763973
34580
955397
-711323
849041
396313
-406689
192041
-110290
-731991
977201
-434030
339012
825973
880400
-81048
59356
-228378
-340584
-886054
985252
-403203
456245
-166110
545010
-580252
-254144
-181623
211411
-233788
-127508
-858169
315507
457963
96278
398424
612335
-821749
393032
-170004
719453
-781987
372432
-881985
139373
-578510
-990298
-108356
436027
-434895
-33305
-454032
975940
968230
691216
276006
-448208
-680409
108113
-373209
140515
-41087
-61950
379853
-964511
248345
-928027
367043
442385