4000
330381
-7715
-356410
-478489
217530
863480
331738
-647401
280991
-844265
-973137
461899
345412
737741
-974758
-832481
-468871
874684
-693640
60149
616469
-737975
143973
498045
343589
759061
-936297
-758134
45618
286773
-390539
334459
-18639
-131267
497353
302675
-855091
933844
-966763
-478419
904604
819425
-569417
-212681
579561
-200026
-105810
-15058
373092
165318
-738616
617736
-489270
-571845
-102119
-462297
-317731
848824
-209662
-662934
384369
805159
-346675
201157
928866
941995
329696
-412109
385919
-163438
-848463
812190
296667
-670269
711564
89752
904701
563285
-288070
-798007
915352
-162661
447867
-247915
-329852
-604039
608405
623104
516236
890794
-849608
582037
414234
-564659
-591279
579045
-506894
913000
409910
-412943
-218608
-530328
431885
290851
767442
14665
598529
-646109
-623147
829230
-486753
172872
-428563
-791524
-971243
211255
-725062
502751
686792
-294481
-295249
-65468
-234718
-700744
-250055
266098
174939
407133
-853926
-100085
932765
-330124
-513053
-884417
444355
500032
-614425
-154829
-839744
-709516
-871215
963466
6363
-252127
148516
585215
-304089
-596765
-615923
-585706
-119188
603734
891045
403231
-988189
-703599
410104
-910421
189977
181209
-145421
365795
701291
-288281
-513515
80534
818913
535502
-582157
492982
-23686
-29544
345765
-554304
526137
132361
-498438
911970
273986
-1580
-659598
-980896
461492
-886641
-186894
-684130
1252
-416888
283899
-491194
59214
-730509
-381706
-260595
-204326
466512
577154
-845008
-954421
-240751
93088
139029
556086
-333009
-84449
-631560
-373626
-203503
-848266
-119984
-886591
-53232
622821
-300046
891019
-884109
-246568
-356285
346782
-806047
-875997
-211693
-616417
52903
-673590
723166
-860202
86307
-621318
-144603
-597200
680531
-830233
-260495
-19143
-73613
399460
468147
-505727
210831
-889780
-310581
-43367
-737405
611926
-542147
772159
-385261
-86656
453234
-896664
-674078
199453
-408196
-387687
949789
545090
-685396
-16673
-801055
-839068
174466
-60093
-481559
-822218
544865
-95623
-90939
169698
147582
-641766
939680
207758
130497
-311578
119720
779788
884848
799448
856213
858525
-969784
-295601
66561
722586
609809
141783
-761010
19695
-286668
-872695
-155377
-106238
-45640
285110
-311998
-327078
127709
-441488
-378411
124862
-589042
-205110
-236917
-273912
-475060
440857
904501
-817638
119936
134335
474530
814330
543086
89695
-618440
-232706
951992
-640948
306400
539216
494873
-720445
-585137
-522361
671514
263358
-318149
-821953
-379888
343463
629041
-142322
531994
782723
471458
802141
383944
-54138
762988
760470
-992714
176071
-506026
-449210
494331
517583
17084
843702
-588879
-58888
194522
-446195
-285888
63871
-918466
572727
582362
-637025
937965
899446
432764
906509
-466217
90405
210109
431267
-685955
986882
498641
352730
-117393
-180162
767826
66057
490575
255098
244369
367442
129581
88055
484493
914772
300539
-347048
-450611
82372
269923
449430
944969
365309
285270
-676321
296738
-759187
-129599
-117235
889463
-515799
-442179
-767064
-136547
-656617
-923522
-982763
360051
924541
388715
-269389
-309671
-57309
-550334
-874855
-963306
459374
-136416
-649907
823733
824205
327893
991244
-113820
903796
-270228
-653272
154477
-724511
506819
-701044
-771857
379016
608240
543246
891208
249754
947200
-346904
-325049
546017
-22114
-632578
142153
86575
-53288
322507
839395
255025
605022
-743879
836610
-163830
571663
-19593
-500665
25342
-394548
-693131
799468
-690312
879086
-648731
-607778
526935
406983
-856327
340099
922911
19254
467293
623472
-83649
-263554
289225
-11658
440667
-292739
964144
-154422
115040
898710
400549
-481139
-940483
677333
546172
-440947
-577472
-929102
444680
-196195
775166
-530798
-927095
53132
889991
-531155
576045
34279
963793
61213
-713860
-107331
-401115
884725
-609981
-31604
413821
-44859
584257
-240133
633692
-742551
825597
-196501
648187
-662966
145573
-838108
-588661
966573
74153
632392
-423697
-481697
273887
-554443
89969
-469304
-705075
157194
-938415
-318222
-289504
-755386
692944
-187548
335476
-880530
980881
-452653
-482714
289901
887557
-20574
320349
407491
-332954
-215519
699903
-502876
-891356
-964891
-822541
-527859
-44625
272436
-732449
280540
964325
101321
351719
-725995
844659
727412
645097
-38853
-841756
44009
965618
-742928
-476466
-134584
443323
388495
-10891
-483187
-318137
714610
-575415
806182
308853
-683085
934396
-690230
-466700
798964
-196636
835219
529980
-712729
915300
455417
-418076
-841972
-218372
-641137
393903
-960975
501723
-294778
-852825
-551871
-205696
779362
-262925
774559
336707
-51374
518787
614883
-488384
-947978
677754
506229
-414993
-288531
-916074
-696303
948723
926023
266926
-552936
650296
200758
-190879
-740695
234148
312876
-879739
19046
768666
80276
25103
861493
-645707
-316848
-44872
937098
-79259
979484
296978
-801299
169934
696989
944493
-339100
-655147
30022
-972616
788879
601008
-249965
-642547
-252810
577992
327682
667496
282218
567814
767702
-41065
98318
33579
-44383
-794787
121859
681551
304250
-755458
680448
152394
272240
-159475
-12166
-331161
-856952
860104
-79757
187604
900709
414520
745352
-582116
955002
891848
372923
-805498
64495
873815
598312
-506792
754335
-933450
658556
848250
-402960
782105
240835
36791
577103
136224
-599625
864556
146379
-85569
998230
259614
-490188
-781989
-862870
312509
-840364
392426
-775875
332173
-433104
-386029
-330923
-700333
708652
660793
939776
223595
402514
-460333
-81775
416363
-678448
-235002
-879189
625790
486053
-751931
-461189
717686
281207
122983
88485
-423732
211173
59746
-100045
-97498
402631
-659609
726185
-430757
-706323
-861214
-929090
103345
635830
-859592
9985
622008
777851
86097
-322257
970847
618397
-564240
-560602
887913
457510
217252
-768871
983919
192225
538810
-719201
-579538
-135468
-897340
423974
-98998
-239103
195617
-655279
-962264
916013
-380803
-263620
233165
78789
167915
-414692
-624328
901284
641299
-234847
-730185
-279369
66070
929226
277069
-341557
-766724
-26520
710406
687934
-153194
590410
628987
617635
-574513
-444590
90306
223632
-857144
-93495
379150
-565971
-165024
-225607
494224
-757787
-524431
711822
473033
510182
452135
503094
-969837
387792
172523
202242
-121723
-62057
845997
-210813
220767
-934513
-95068
875721
-900054
3417
389666
155868
-37362
-253097
-464813
-184620
-89965
670782
-30584
699795
-651239
-585605
65044
456410
300223
-318298
-242938
-542258
260772
-557120
608032
154432
517779
-78396
-634462
-455172
78341
952808
362820
634779
-114385
-411307
-726606
-5838
672701
256465
778057
-543186
244434
931707
-988783
9030
-243649
560716
388054
-911758
910946
363360
-164277
216018
-301843
-291388
208455
865501
693221
580809
723223
295722
-121054
-652988
-170115
-387485
-522394
75001
450931
428497
995455
429844
-795623
73862
-264104
42787
322889
-733343
716662
945234
11050
-567048
-444293
-555313
-850935
607418
-350917
-548266
-249255
772753
173521
-231029
807585
701741
-303644
-165325
-758240
-54636
-139060
-864912
-784721
144574
697109
-38072
-240471
-540641
-736785
-266384
966060
622717
-97735
654095
-11094
361908
38620
322411
606616
984477
177825
571636
-872704
-456726
997794
733833
462049
-428994
-51206
-545413
909092
262149
649463
368346
493908
-538522
909772
-265687
338116
92680
-647347
-115551
493248
-101535
-297080
-36586
724237
608084
46544
-678126
188805
-873921
-931564
-217203
154301
846054
-824805
171350
980292
-810836
821269
-301877
-555732
-791182
-349121
-651836
354768
-226452
647580
644387
-186782
346696
921193
718334
-215756
-729626
-978126
-226914
416491
921155
-295745
855959
-751800
-618498
-876443
705162
254779
-451682
-305525
935773
691237
-397987
-460971
119671
-991194
459117
589874
215055
809961
141824
798579
686705
256396
344658
887102
-753100
756019
-799975
833418
-814727
-981097
-87054
-301576
548189
76208
670098
198418
-512375
460238
-598725
-479709
840433
-768154
-840466
-572545
92193
-516692
257864
-161643
-778246
518929
-207620
-191521
-290171
-690972
641186
-737704
-104728
292215
-464012
-880765
531276
-785097
-295449
226318
335692
-729593
-684925
978449
-816448
222719
279378
-987600
564174
515100
163391
73571
571955
595943
236981
302222
-61670
982694
213709
-945818
-81241
-445938
-1046
-350935
924148
420674
768672
548242
138479
-585669
446882
153662
-726043
32242
156697
309780
346731
-575114
-794307
-758641
-53845
-398006
478565
530003
196842
-568012
55367
122818
-553898
956158
320210
-623540
-131299
919971
228388
595839
-128269
-593186
208556
-565437
306479
593608
454212
-538248
-136796
-14995
-348011
426046
323527
-457936
-730013
-579238
940823
886848
-167759
-947925
-70909
62463
259319
604737
48427
358379
73801
966964
-105520
436575
759051
545992
-849644
29657
-534290
-692545
280615
-260687
548302
360670
588913
-973877
-531412
-283579
152314
-419334
-594114
-954275
-918173
382915
-578928
554767
-233624
-379484
-571856
-67504
-291853
953086
-401801
-804387
368220
-546727
882121
807963
-319633
652003
898679
-712802
104879
-912940
-832048
168264
-150292
-895215
890055
-825229
276953
-334503
-415431
-351509
-135708
406746
-116120
794551
96365
845675
-184282
-539452
949830
-484354
122693
-194634
-870230
-325310
-302532
-155030
106885
-400758
81956
491112
442173
-213484
-923972
-386257
-169463
-671280
800219
-556406
901545
-165803
776682
823405
-313978
-86968
-85888
-928128
557481
-880424
204924
-105451
-863124
-644049
-941380
322753
-385154
-413965
-862190
-145096
645928
55129
302393
293147
688263
-871303
470704
-783221
-631638
512318
608098
-846853
190642
400323
855287
736902
967755
390451
855426
-995027
-558198
694588
-273131
-580860
-935124
-174101
999130
872844
712494
-302422
-526669
-309923
907414
-487844
-363079
-422363
739818
323222
-283875
308204
63960
-284367
-445079
675098
-21532
-388958
-733330
841339
933342
-702310
-618764
-763663
-107782
35760
-87760
382661
455523
-414251
700008
279548
262974
258375
471840
-172569
310172
516821
-31165
454550
387648
594184
-49687
-645757
634618
-227954
856719
713519
-679685
-270387
405634
-36871
775323
-890440
-161813
49454
-433479
391719
933811
188336
989966
167665
-432
-469517
895884
-292631
990002
903779
-889088
510097
-843239
966758
-670771
-927686
524467
-357431
-842192
241191
-392275
710345
25255
385838
300785
632938
-210492
-817238
639607
-878972
615211
640775
-904713
-782106
142438
-162741
-263590
-885827
-889475
-426209
810047
-589646
81877
-457859
783787
-698056
-184456
61637
710479
272826
-320485
-942409
520796
86419
-533764
-641991
779426
-519133
-148387
-480345
-159490
-511061
-207828
-524097
96213
908484
-34164
849171
-852475
-775905
951581
-396774
847104
150062
-400813
-692234
-980461
902412
509936
-954652
91141
398101
-433609
-213233
-912788
-811953
437405
-298425
-558065
663218
-938579
7393
-795769
684309
-188470
-724444
916524
-266071
659502
677268
-290285
-398776
537149
-691047
892404
-522700
-252955
-613274
352818
-282071
876654
665717
-957504
65073
931546
709836
-963363
797464
-676949
180163
823938
-329727
609339
999032
134957
-389584
849224
-12279
-727761
-728464
-681198
-419625
-511976
279941
-498131
-620386
-546220
-190602
-32333
-861023
921784
598014
815957
599388
-352736
304112
-691922
590930
869883
125052
941090
-534810
-520952
885061
-223699
470245
-546699
146965
60036
-940529
634511
-565839
898892
971106
184376
704772
-248878
-731900
87073
-150491
699457
-519057
-520638
-571644
-412921
937614
-519140
-257527
225415
831251
971344
-136652
-590281
-828675
760169
-408875
-94553
-362043
832891
-148172
-624235
294780
580268
-885022
-651951
-629007
-13029
957530
-998344
-875038
-902848
-274939
-111893
224128
109232
-421480
-31571
-307992
283755
-210772
-962318
732888
986299
-685715
-783492
568245
607631
-807483
49005
-760049
501214
304397
963129
204071
133272
-609974
-69024
-572466
49393
483529
536357
282414
654984
-882312
436794
419766
935219
777300
-324252
-821174
-356847
-858894
789876
892274
548045
-129364
-70649
-780559
-503549
-482948
814722
-420041
953710
-125280
379457
-778410
564226
192862
-475795
256929
757480
-725802
-382732
-109586
-509242
-763646
-914285
-674639
534550
-185440
-635191
-452925
-720050
502101
824489
588691
978962
-750623
-698620
-360973
323422
623468
-52891
-196797
-574241
186831
607888
-541520
999749
-481949
-374589
-798760
475618
-183913
-238670
299883
275884
265364
-112297
-91713
-680898
-725224
-886468
-604149
147268
-118399
55539
-251315
-572963
765080
-773961
-119436
-988715
-279581
862193
-960671
-557237
-914720
769259
458043
-108974
-824802
-550871
452675
-512483
-340970
152775
607327
-375441
-121841
591496
-418131
-721033
-979902
-98611
109673
974430
634774
102493
-621665
-128060
810377
403164
-369990
-654528
-550200
-465022
-22158
595188
328246
-92265
-931961
-200432
-738640
13983
213794
-222307
139420
-932807
-289495
-129705
334520
-131759
141641
48028
-528345
585990
649764
56225
722568
-419977
46127
-867814
916914
-997778
707450
-152606
186492
891917
-443793
-242178
-763026
-13772
-134285
90435
346816
-48860
-784400
78316
-529895
587073
-289034
842690
607851
990198
509393
-741075
-611390
724007
646984
572252
847397
908230
391764
252646
-929294
991204
845239
622796
231772
-366915
-656951
19285
-427158
609137
387132
544017
-404877
-634193
-878064
178862
639618
968484
-983234
-100229
-59628
614283
30869
-839065
930598
-77834
-746710
829283
848106
398308
198180
474284
173961
101957
-39919
-591296
-386730
-111256
530692
759
-99775
158212
788476
643078
-771359
733822
-279113
485315
-996589
-533806
671454
-882352
-322066
-691764
-759769
362214
545560
675281
-895962
-963454
-297136
268869
-391503
569815
-979042
39295
-576340
-480226
-192107
270342
-197581
369927
576640
-542336
442500
863295
-159963
-367651
608728
-607439
-882688
4474
-196604
104973
-992149
803877
-453758
871806
-802999
-54428
979369
367659
922249
-748404
250133
464737
129162
301133
-298687
758212
-728382
995167
637885
847243
-493601
370620
-793592
793558
808317
-917133
752442
-451864
565680
-576056
-353888
32927
-850084
151488
352919
299363
-78162
-582491
-715621
318572
76907
919071
-113140
473406
751524
-244961
-158590
-143057
-939748
531627
-164670
739494
-648829
252827
-570707
-506345
-369054
-319936
905368
-401939
506891
-301265
314839
-546792
-762987
145935
-668961
-395864
-507138
206352
-397488
-478729
-466279
-67246
362953
-14036
463655
577988
383176
346713
-731629
-7628
171670
383573
813563
369620
-183336
-617653
-582990
768757
-863308
661488
-898354
-964396
502644
439800
854544
-405504
794729
28843
-32383
581157
365266
-21387
37524
-646969
506927
802920
-486245
-147036
-907669
393462
321053
-240251
131527
-477586
642475
367504
29099
310622
246800
720586
457667
557306
-635299
930282
-419618
-534807
-634375
841345
179279
596527
-452860
313985
38428
822648
-2338
963312
95811
670047
650117
607800
-894312
-296469
-796179
810785
174245
704104
-301465
-439481
-319084
-740932
71797
-309460
-468088
-714125
8686
136875
-77501
19372
366563
169362
818153
379623
356760
403346
134652
186552
-49141
935233
298943
697712
78492
916108
-539959
-527189
773055
-781099
-519787
888232
-688194
338130
-351032
-878650
-24083
-948978
606358
-267488
-441967
-382666
545854
31257
147290
-652363
-302265
222541
-881495
-576643
193158
-832734
134781
36903
-396069
-706366
-763566
368741
463017
172911
-116102
76442
704786
-361963
-776907
133117
393469
-843148
-4397
351580
-672345
-552056
421354
693547
-97796
-710571
442188
454429
127728
-975120
568824
-871360
-487653
907093
-123269
270379
324811
267137
383948
489914
683025
363708
-328257
-8028
480562
-842643
693391
-8215
-620893
960418
290891
-263033
-454330
-951677
444194
-949424
-831777
240653
-558910
-881366
653175
-573172
163909
621516
126757
-935776
-905527
503941
-148952
-344014
234342
-161309
765182
417259
-7043
-88585
-346278
753577
-634683
939045
-973301
222743
992938
-547148
979178
901495
-771339
-957989
-909472
719370
-562576
-808809
27394
-290476
609285
107915
868982
394434
-915384
861887
123947
658796
326998
634471
-24077
820541
-516491
-923160
-633897
245360
-997943
582714
-414661
619841
-892764
-398041
634816
408939
-413808
-677623
86216
366944
-541028
-437466
865860
418526
826317
-770276
-9938
-350028
-611744
-387595
746289
-566234
943486
-514767
-676506
650574
113804
-635611
257556
-680177
-188774
481705
71136
215882
780126
947995
277259
-295111
-996819
-995890
306295
-692440
-380261
-951170
-966662
409775
184203
-40222
304006
-825866
-906596
971618
-631375
-195071
471586
-295675
-999924
-268851
-346660
580328
-482248
830907
514060
290979
453639
-175298
-865188
879711
-887250
-883778
-855179
-34273
669694
-961344
246304
996858
-922115
-765976
-327325
-419505
651897
-370965
-338804
371583
-740821
505205
94454
-79978
39809
-918610
96208
-872599
-524389
526305
-791248
-891887
420843
-307110
-357504
-830667
199248
958043
-901282
-708817
-275459
-42434
-415972
-863345
-819627
-245804
48969
-83492
-725905
-746886
613834
436424
-416667
685791
-845177
533370
882023
931743
709000
-528857
-657555
-791137
-573661
-266020
804404
383050
352974
434934
505912
-388467
-782518
-609607
90328
378604
-174946
-527526
47608
-460259
-862814
-220661
243751
404765
-299610
769628
106451
149375
-536613
790283
-571088
-848017
-503840
-889060
460543
824601
579897
280344
-737483
30885
-940721
-646224
518615
677961
-783304
683871
-818791
-845197
-511746
-191976
396485
-120979
729547
-255406
-836126
288956
1978
-618661
190950
993538
-516361
-269303
-586046
269022
-400181
-60893
-329615
339893
986761
738657
-845883
491738
-535820
-669143
-564445
-755731
-163441
-558545
486445
553146
773969
277712
210539
-82659
170604
-531682
-207471
-818153
-540583
80434
-436577
896106
-730604
793182
3361
-986309
140592
-131368
-781218
-143741
-518107
-741732
-608903
450644
132760
57781
-297059
-555336
-615172
-194332
28776
514903
-814893
485717
363380
817585
878020
675835
-279713
-43157
-980532
-966694
-459583
172490
505904
-211942
391199
632055
347429
-671170
-389272
413522
64657
913988
389536
695873
415295
937010
936693
-169543
363512
807722
453739
68082
962465
-475977
934193
-389651
-514587
309966
692170
-253685
-615590
69520
911338
778448
-2303
-761618
-829060
-83246
314677
-643537
-969361
430148
161992
-141751
-642186
-4212
315078
-259460
-136679
-438822
-855499
916445
-645610
-948694
-434721
767172
921269
890161
-775914
-938438
816642
-327242
511258
-618999
580937
-185929
-883600
623851
746479
799774
-5133
-767155
-684202
-355861
366539
388077
38854
122600
894518
816546
-621753
-411153
159277
346005
-284429
288067
681768
-219307
984896
950249
885175
-696539
88608
825854
-776984
-177769
702173
75753
302352
-331196
-360292
-11303
-912038
578219
261090
-169931
975213
-33478
-59479
-324537
487165
-182868
-818288
724183
-191585
188566
208541
627076
-987438
343644
806260
270201
393717
523656
-976341
520859
989559
-661231
367020
-282751
-302576
-118444
393122
-744712
-112538
881890
-979723
-636782
535214
327304
-193563
808305
942199
-886335
443526
-771269
-486433
496760
346985
134970
687661
786645
-781648
935342
728991
-780140
400122
-454682
385925
912145
-524164
-31086
-114890
362814
-654999
-807823
-236093
602660
309061
-135724
931271
699749
-455849
154113
344479
402571
-540535
-773041
-496074
565228
-320181
-964986
-364744
634489
363741
-899120
991096
-359208
-363041
303883
-815534
-24172
-330777
952972
836380
355145
-981355
-276444
755301
387638
-31980
-629430
-978006
820728
-572981
-310096
453958
432526
-31116
926139
182061
619670
528077
-312664
-96724
-721942
-722857
-589923
264779
378837
70069
102502
412778
-234103
-976781
-714977
649205
56483
-143645
579521
526705
164341
-99796
282000
857624
914587
522934
679586
-650139
185306
355024
993148
-88971
-867492
-230865
-742687
183914
297679
-689105
-653135
129270
-842149
599496
411514
-950473
554900
-277597
153061
353419
-531401
153377
70531
-958300
760997
567563
-167302
862177
-249223
441375
91053
-979423
-458890
-748440
863906
187549
-368450
544681
554064
-703624
-694347
-352528
-467838
-361238
942536
470207
561588
-428166
380278
-114515
168926
-951329
946693
-363504
612635
-966683
434275
-502630
-2292
-472144
961840
655172
-265385
-265683
707368
-297626
-759016
544011
-954979
765207
-77801
574592
-380367
81
-128940
-407747
289240
-203096
397599
-964203
863034
505461
-275250
426894
-692366
-373102
-177596
-883277
122946
479403
-906796
918416
-553510
-593502
-301010
385686
214044
893299
-523050
624669
-97215
-683861
-687529
-691908
363366
-701360
384302
201558
968260
-370420
744870
-853532
721404
142714
929898
813256
-897449
-950932
-661009
89751
-776084
-902086
429872
118864
493074
98674
969772
745101
769713
588408
-255305
994389
203224
-190515
361865
-962173
-717122
-559697
-832296
-352586
-146023
-391777
949952
-132811
-66547
563519
-201692
348056
462200
-133620
-811274
49518
802529
-425486
557013
633453
308309
-536175
215719
463332
564293
-156338
-694095
94021
115820
-195316
224901
-726380
750620
-820940
533362
-697245
560009
321872
152323
-943872
-958580
-745883
-43282
-917088
854018
-419597
307909
-85788
579392
387581
416854
-341255
237673
557830
50916
-665124
186538
-850597
528218
910915
784751
58221
-375745
-563109
-839053
-50089
403935
876414
279239
-704284
-491231
-786464
145039
-457567
10954
276297
335384
258193
392837
-226286
-805502
-728663
-833830
-779104
-78434
961775
-682668
865526
486365
637041
-533831
902384
-170943
-564663
-830443
445703
74115
78369
325457
-886703
-274539
-290073
-156616
-956265
-122840
496498
-658483
-260602
426986
-556437
-766558
722395
831848
324703
-783182
-712094
15263
428816
-468147
-916388
545259
-341766
870179
-634719
385551
452328
-571872
956387
424488
177337
-759876
739310
-993891
-349543
-539093
712641
370990
986305
723997
-200814
382208
968187
-390322
205567
786975
718630
-548404
121805
-449644
-638543
840385
-371520
576482
793770
184743
-164991
-129413
-71935
952735
-520554
651161
516163
-510079
755290
363259
-631874
-248527
952203
109573
133155
369475
-70606
-852151
299493
893670
235857
316254
-197452
997716
-59305
300364
-8031
-888198
715650
100726
696476
-330547
774992
-178856
-710499
336857
-648393
-280745
-220407
84846
-335639
413727
748443
-946019
529030
-937650
-435086
-432229
-562801
-807968
876901
-84722
340769
177821
-311287
73906
696314
177144
548700
-463280
-515066
804819
-657796
921478
796320
-183067
-934341
-470735
322932
695989
-287383
-636086
513344
-158898
305550
576157
-782989
24703
335664
794155
922811
-177783
985383
962106
313829
-280732
676962
311425
473928
164452
-259259
-221339
224043
-720607
-710354
-199925
85450
445150
715794
-747058
332039
-129855
582838
-547922
420956
-508294
29475
-454485
-197895
724234
-389976
308429
-865565
-948131
-4732
227629
-436842
-16135
913051
782235
-777166
78391
-132079
-13844
87390
-176905
-733196
-622741
-36233
23391
-549372
645202
165484
-853313
350452
916925
-860711
69595
21885
-715778
5274
-975866
85973
825587
-769095
727484
929464
217817
304496
694060
698804
-894387
-32736
626278
735941
-898572
-71857
-201195
915163
-976912
52868
-667313
816858
590823
391792
-440901
-735602
83414
237774
-226365
-302064
954562
-934728
-30145
692896
-869131
824744
620002
-537156
-75356
-417174
-35391
-866289
-402029
400802
523137
358443
-286955
308675
513262
336802
721380
-825210
-69596
-787261
-582602
-75151
-16841
222368
-18262
627960
-449583
208424
587760
-452025
-578190
-766949
-264552
970197
610714
-231569
987967
-610694
-545533
382279
-733093
701570
-585541
-785783
571453
-180512
444048
-357174
-665777
723057
-72361
-148219
347201
507953
-894327
-835680
-411629
371218
376338
147421
-69794
193999
194202
319021
-844189
395765
508895
-303100
497793
-470757
275250
-773077
469457
-546453
-906414
-293104
62727
574798
976838
-110958
170228
499473
-383278
891026
-300905
-503062
551654
134592
73819
379035
-496163
-872479
871996
-752973
-48417
651386
147993
989993
-574
-116265
691335
-112819
288997
225133
-714892
239987
548164
-840884
472267
-989813
107731
365547
44463
361306
-592891
-630183
-263181
732491
537691
804073
-940547
-111516
576044
-456603
770561
901369
-223176
722017
905002
-513072
-348003
773568
-574612
-464101
-236347
372613
-798318
415803
457904
-105095
-743402
167217
260529
-320233
531327
772764
-885060
-122085
-574963
315160
386041
-718943
548589
200698
-868948
-189207
338265
680539
-874718
-253112
570597
396010
-554178
473344
186705
-288325
-554349
494760
-791589
-399822
105678
428930
167931
732617
919510
-492870
228305
575614
508869
-627521
147983
491110
156298
754871
26416
-273985
279751
-649190
-624121
-481248
-501430
736022
87257
412662
-230170
377328
957481
-866945
-494140
864823
-548917
129190
923899
-452217
-408653
-973592
-426517
476566
-971837
969694
-573709
-478457
-353683
-685277
342254
758002
617080
-177712
-660053
206659
552675
625265
-580904
-553465
589056
-453329
125548
187935
-100705
-76270
-181334
911015
2494
152737
295443
793504
-474736
-570583
-168555
921455
-548977
562575
241712
-506975
-522670
-220955
-849846
-154689
522846
109751
966180
187727
630382
-5749
775655
-813356
251744
353313
-755839
936370
575799
279846
-595522
594825
-369966
451865
899297
-100252
-58629
-484999
-469500
-330297
-433834
609993
-239526
295808
174071
867911
-394351
-403552
588212
248339
544199
-685835
-552441
898642
-318277
39296
-872916
14728
-703155
214122
-894290
404524
-710954
-519989
803418
835289
989347
737463
608913
-313274
-654589
-591163
375256
-642520
259978
255305
755385
750178
348975
-124389
-636108
-925764
582431
231676
484077
-586725
-872769
-181249
425545
-15057
34334
-795574
-588764
-496880
-678272
802212
-580746
391114
146642
377772
764569
773191
795229
-413950
339241
438996
901461
963287
-500188
48489
186210
596445
-524036
-831158
-214305
682875
-440967
-387389
-724184
185551
507459
298763
-924052
-204172
901266
696133
-646082
-990067
-146609
-325270
681284
-377075
773808
345741
-412876
273837
355357
369677
-260469
261110
-595064
792627
238736
401682
148891
-31026
418812
968156
603321
-750243
-808097
-672775
597306
-719471
-909311
325437
102966
359978
-143446
-504776
-421456
268332
-508039
975
-916639
-305592
603336
67390
-675438
788248
259313
-712455
654515
880294
-998753
584273
-448382
809960
-588497
-130379
-604060
-785354
-524671
-996675
746938
795032
442680
-534777
-292326
-143320
-441033
-53527
301731
-741466
99973
325941
511184
-842959
-719771
398067
221301
507206
-776183
597284
442727
279537
896644
-46298
-798259
40539
947268
-633382
-846896
-693976
215240
-736716
-46376
-517855
767020
408954
-631709
-145168
-41753
408081
-939436
-585009
-639398
382501
-306005
804867
-625545
-344549
912705
486190
118145
-175906
863006
-324768
-265462
597848
811906
-575337
-514241
-909579
629274
-256213
-92505
-24835
292795
-438967
860814
-387887
-389144
-587126
897525
-383727
-839977
303501
65235
-397166
-338526
-823822
275518
-321163
333431
57217
-120837
496838
-495562
-594476
-414725
581429
-900332
-324817
724119
626370
944366
-610239
-951821
-514149
904510
796889
-744959
913161
893905
-790512
35722
-755194
-324011
-113614
28103
514375
438762
899432
331179
-340986
827574
314809
-453319
785309
39946
674674
818106
-914920
-301383
-400989
383127
378092
428015
-488827
-350123
-853515
-871115
-502852
454940
471816
-65875
-652669
-423063
816525
684175
256225
335722
-62766
-558743
421060
250251
-591782
302932
-512505
-939984
-887798
-910480
560144
-582120
-728311
-187129
585401
-922506
-117701
-637708
887174
-371142
283870
-568721
-904702
492913
374652
564477
529229
64396
667743
-587032
276318
-345940
-296391
-973405
-472563
-876986
-47288
-783880
-665449
-32685
760136
-672388
-734791
-159095
-467492
-753031
854722
54070
695847
92251
-289215
309315
15352
522959
968676
-270359
-967168
660460
285818
-533653
-93296
108973
864564
339440
-64828
735621
-709104
57741
-889836
-330274
56947
-481002
796379
-136217
-868501
-178819
-74999
585869
-253629
682135
677675
-899750
495424
187896
-848739
-419600
244411
-314230
-106310
397197
-674857
988644
-771799
-415266
685812
-583479
746487
255997
449545
131373
97135
-31981
787166
907248
-221544
525191
-967277
-817101
-503691
709292
780845
119226
-933361
-102013
-953268
459363
-62409
-531106
-879838
790869
741340
-793736
-374743
316669
111274
-483308
442304
717484
-227142
484855
-718567
-352409
-555491
865954
643446
-516817
710906
-108476
-238637
488278
-469904
-763287
85950
596063
997393
121709
354137
57532
451950
-309216
-438863
591588
440006
-714208
256419
-427774
-164081
-817324
83899
185080
399948
669356
157475
528408
930015
703361
-137574
24596
98602
-543768
133731
-964140
942085
657849
324581
-18084
-810687
-879267
56424
-195718
719967
24351
-841824
124429
861541
-62802
-62971
653681
168653
-646140
204173
-154140
701567
6676
787842
278644
693847
-415764
-867658
-491730
30952
82168
-34688
-774475
-583634
81373
791511
-737597
-625459
-694240
584984
-392156
-739
615840
990934
-164423
360649
373424
-575011
-157076
318748
992252
-233382
-982988
118955
792923
674275
142790
-813286
240101
171179
-81173
-789440
646294
-76569
-465180
204311
-555457
-893518
-450403
-561554
-399840
-575567
139687
851643
-637124
-234680
373638
636339
-796112
-426285
-222485
306826
15349
-212338
-109652
-845710
52696
-159133
563590
735402
-772221
520233
-585658
800613
-354245
589683
293167
-728100
-756694
996901
-831428
212778
-717029
600122
684632
261834
914411
-416110
-600157
380220
-227824
-789036
317861
922759
-505183
550939
-623348
670561
133463
534608
-795581
559510
135023
928769
25152
343575
67100
494645
-853600
-913961
293523
775971
458793
820466
901279
-664304
-838102
-177516
-55678
820577
618646
196935
986919
-224293
677355
750177
-899190
695489
291983
-680080
690325
-730518
-213161
-617996
-755604
-289567
-498669
-743694
738458
572853
-580671
948529
771319
-655972
973553
106613
301854
-732288
895760
862208
-652217
681297
220254
-493178
145631
-887260
940337
-115928
-843764
-642316
-152077